0
1
2
7
10
13
14
15
16
17
18
20
24
25
36
37
38
39
41
42
53
54
55
56
62
63
74
75
76
77
79
80
91
92
93
94
95
96
97
98
99
100
101
102
105
106
109
112
113
114
115
116
117
118
119
122
123
125
126
129
130
131
132
133
134
135
136
137
138
139
140
143
144
146
147
150
151
152
153
154
155
156
157
160
161
163
164
167
168
169
170
171
172
173
174
175
176
177
178
181
182
184
185
188
189
190
191
192
193
194
195
198
199
201
202
205
206
207
208
209
210
211
212
213
214
215
216
219
220
222
223
226
227
228
229
230
231
232
233
236
237
239
240
243
244
245
246
247
248
249
250
251
252
253
254
257
258
261
264
265
266
267
268
269
270
271
274
275
277
278
281
282
283
284
285
286
287
288
289
290
291
292
295
296
298
299
302
303
304
305
306
307
308
309
312
313
315
316
319
320
321
322
323
324
325
326
327
328
329
330
333
334
337
340
341
342
343
344
345
346
347
350
351
353
354
357
358
359
360
361
362
363
364
365
366
367
368
371
372
374
375
378
379
380
381
382
383
384
385
388
389
391
392
395
396
397
398
399
400
401
402
403
404
405
406
409
410
412
413
416
417
418
419
420
421
422
423
426
427
430
433
434
435
436
437
438
439
440
442
443
444
447
448
450
451
454
455
456
457
458
459
460
461
464
465
467
468
471
472
473
474
475
484
498
511
526
529
545
546
578
581
583
613
614
639
644
648
653
655
660
667
669
683
685
686
687
688
696
700
701
702
706
709
714
721
724
726
727
732
733
735
737
740
741
742
745
746
750
751
752
754
756
757
758
759
767
772
773
777
779
780
782
785
792
795
798
802
804
806
807
808
809
811
816
822
828
838
842
843
844
846
847
848
849
851
856
863
866
868
869
875
877
879
880
882
887
893
899
901
908
909
913
914
915
919
920
922
927
934
937
939
940
944
946
950
951
953
958
964
970
980
984
985
986
990
991
992
993
995
998
1005
1008
1010
1011
1015
1021
1022
1024
1029
1035
1039
1040
1041
1042
1043
1051
1055
1056
1057
1061
1064
1069
1076
1079
1081
1082
1087
1090
1091
1092
1095
1100
1106
1112
1122
1126
1128
1132
1133
1135
1140
1147
1150
1153
1157
1158
1161
1163
1164
1166
1167
1171
1177
1182
1183
1184
1185
1193
1198
1199
1201
1203
1205
1206
1208
1211
1212
1216
1218
1221
1224
1228
1229
1230
1232
1234
1237
1238
1242
1248
1253
1254
1255
1256
1264
1268
1269
1274
1277
1279
1282
1289
1292
1295
1299
1301
1305
1306
1308
1313
1319
1325
1331
1332
1333
1336
1341
1346
1347
1349
1351
1354
1355
1356
1359
1360
1364
1365
1366
1367
1368
0
38
39
40
41
42
43
46
47
50
53
54
55
56
57
58
59
60
61
62
63
64
67
68
71
74
75
76
77
78
79
80
81
84
85
87
88
91
92
93
94
95
96
97
98
99
100
101
102
105
106
109
112
113
114
115
116
117
118
119
122
123
125
126
129
130
131
132
133
134
135
136
137
138
139
140
143
144
146
147
150
151
152
153
154
155
156
157
160
161
163
164
167
168
169
170
171
172
173
174
175
176
177
178
181
182
184
185
188
189
190
191
192
193
194
195
198
199
201
202
205
206
207
208
209
210
211
212
213
214
215
216
219
220
222
223
226
227
228
229
230
231
232
233
236
237
239
240
243
244
245
246
247
248
249
250
251
252
253
254
257
258
261
264
265
266
267
268
269
270
271
274
275
277
278
281
282
283
284
285
286
287
288
289
290
291
292
295
296
298
299
302
303
304
305
306
307
308
309
312
313
315
316
319
320
321
322
323
324
325
326
327
328
329
330
333
334
337
340
341
342
343
344
345
346
347
350
351
353
354
357
358
359
360
361
362
363
364
365
366
367
368
371
372
374
375
378
379
380
381
382
383
384
385
388
389
391
392
395
396
397
398
399
400
401
402
403
404
405
406
409
410
412
413
416
417
418
419
420
421
422
423
426
427
430
433
434
435
436
437
438
439
440
442
443
444
447
448
450
451
454
455
456
457
458
459
460
461
464
465
467
468
471
472
473
474
475
484
495
498
511
545
546
578
581
583
613
614
639
644
648
653
655
660
667
669
683
685
686
687
688
696
700
701
702
706
709
714
721
724
726
727
732
733
735
737
740
741
742
745
746
750
751
752
754
756
757
758
759
767
772
773
777
779
780
782
785
792
795
798
802
804
806
807
808
809
811
816
822
828
838
842
843
844
846
847
848
849
851
856
863
866
868
869
875
877
879
880
882
887
893
899
901
908
909
913
914
915
919
920
922
927
934
937
939
940
944
946
950
951
953
958
964
970
980
984
985
986
990
991
992
993
995
998
1005
1008
1010
1011
1015
1021
1022
1024
1029
1035
1039
1040
1041
1042
1043
1051
1055
1056
1057
1061
1064
1069
1076
1079
1081
1082
1087
1090
1091
1092
1095
1100
1106
1112
1122
1126
1128
1132
1133
1135
1140
1147
1150
1153
1157
1158
1161
1163
1164
1166
1167
1171
1177
1182
1183
1184
1185
1193
1198
1199
1201
1203
1205
1206
1208
1211
1212
1216
1218
1221
1224
1228
1229
1230
1232
1234
1237
1238
1242
1248
1253
1254
1255
1256
1264
1268
1269
1274
1277
1279
1282
1289
1292
1295
1299
1301
1305
1306
1308
1313
1319
1325
1331
1332
1333
1336
1341
1346
1347
1349
1351
1354
1355
1356
1359
1360
1364
1365
1366
1367
1368
