0
1
2
7
10
13
14
15
16
17
18
20
24
25
36
37
38
39
41
42
53
54
55
56
62
63
74
75
76
77
79
80
91
92
93
94
100
101
112
113
114
115
117
118
129
130
131
132
138
139
150
151
152
153
155
156
167
168
169
170
176
177
188
189
190
191
193
194
205
206
207
208
214
215
226
227
228
229
231
232
243
244
245
246
252
253
264
265
266
269
270
281
282
283
290
291
302
303
304
307
308
321
328
342
345
359
374
375
378
379
380
381
382
391
392
395
396
397
398
399
400
401
402
403
404
405
406
409
410
411
412
413
416
417
418
419
420
427
430
433
434
435
436
437
438
439
440
443
444
445
447
448
449
450
451
454
455
456
457
458
465
467
468
471
472
473
475
502
511
526
529
546
548
550
573
582
600
619
621
644
653
662
671
735
1322
1339
1340
1341
1345
1346
1347
1349
1351
1354
1355
1356
1359
1360
1364
1365
1366
1367
1368
0
328
359
361
363
366
367
368
372
374
375
378
379
380
381
382
391
392
395
396
397
398
399
400
401
402
403
404
405
406
409
410
411
412
413
416
417
418
419
420
427
430
433
434
435
436
437
438
439
440
443
444
445
447
448
450
451
454
455
456
457
458
465
467
468
471
472
473
502
511
529
546
548
550
573
582
600
619
621
644
653
662
671
735
1287
1289
1293
1295
1299
1300
1318
1320
1332
1336
1339
