0
1
2
7
10
13
14
15
16
17
18
20
24
25
36
37
38
39
41
42
53
54
55
56
62
63
74
75
76
77
79
80
91
92
93
94
100
101
112
113
114
115
117
118
129
130
131
132
138
139
150
151
152
153
155
156
167
168
169
170
176
177
185
188
189
190
191
193
194
205
206
207
208
214
215
226
227
228
229
231
232
243
244
245
246
252
253
264
265
266
267
269
270
281
282
283
284
290
291
302
303
304
307
308
320
321
322
323
325
326
327
328
329
330
333
334
336
337
340
341
342
343
344
345
346
347
350
351
353
354
357
358
359
360
361
362
363
364
365
366
367
368
371
372
374
375
378
379
380
381
382
383
384
385
388
389
392
395
396
397
398
399
400
401
402
403
404
405
406
409
410
412
413
416
417
418
419
420
421
422
423
426
427
429
430
433
434
435
436
437
438
439
440
442
443
444
447
448
450
451
454
455
456
457
458
459
460
461
464
465
467
468
471
472
473
474
475
477
481
484
496
546
661
662
664
669
670
675
679
683
707
720
731
733
754
791
812
813
823
825
837
865
883
884
896
946
951
967
979
1277
0
10
171
172
173
174
175
176
177
178
181
182
184
185
188
189
190
191
192
193
194
195
198
199
202
205
206
207
208
209
210
211
212
213
214
215
216
219
220
222
223
226
227
228
229
230
231
232
233
236
237
239
240
243
244
245
246
247
248
249
250
251
252
253
254
257
258
261
264
265
266
267
268
269
270
271
274
275
277
278
281
282
283
284
285
286
287
288
289
290
291
292
295
296
298
299
302
303
304
305
306
307
308
309
312
313
315
316
319
320
321
322
323
324
325
326
327
328
329
330
333
334
336
337
340
341
342
343
344
345
346
347
350
351
353
354
357
358
359
360
361
362
363
364
365
366
367
368
371
372
374
375
378
379
380
381
382
383
384
385
388
389
392
395
396
397
398
399
400
401
402
403
404
405
406
409
410
412
413
416
417
418
419
420
421
422
423
426
427
429
430
433
434
435
436
437
438
439
440
442
443
444
447
448
450
451
454
455
456
457
458
459
460
461
464
465
467
468
471
472
473
484
496
546
661
662
664
669
670
675
679
683
707
720
731
733
754
791
812
813
823
825
837
865
883
884
896
946
951
967
979
1277
