0
1
2
7
10
13
14
15
16
17
18
20
24
25
36
37
38
39
41
42
53
54
55
56
59
62
63
74
75
76
77
79
80
91
92
93
94
96
97
100
101
112
113
114
115
117
118
129
130
131
132
134
135
138
139
150
151
152
153
155
156
167
168
169
170
172
173
176
177
188
189
190
191
193
194
205
206
207
208
210
211
214
215
226
227
228
229
231
232
243
244
245
246
252
253
264
265
266
267
269
270
281
282
283
284
290
291
302
303
304
305
307
308
320
321
322
328
329
340
341
342
343
344
345
346
347
350
351
354
357
358
359
360
361
362
363
364
365
366
367
368
371
372
375
378
379
380
381
382
383
384
385
388
389
392
395
396
397
398
399
400
401
402
403
404
405
406
409
410
412
413
416
417
418
419
420
421
422
423
426
427
430
433
434
435
436
437
438
439
440
442
443
444
447
448
450
451
454
455
456
457
458
459
460
461
464
465
467
468
471
472
473
474
475
484
511
512
544
582
993
1008
1038
1040
1041
1042
1043
1051
1055
1059
1061
1063
1064
1065
1066
1069
1074
1076
1079
1082
1084
1092
1095
1100
1106
1107
1109
1111
1112
1113
1114
1122
1127
1130
1131
1132
1135
1140
1147
1149
1150
1153
1163
1166
1171
1177
1178
1180
1182
1183
1184
1185
1193
1199
1201
1203
1206
1211
1216
1218
1220
1221
1224
1234
1237
1242
1248
1249
1251
1253
1254
1255
1256
1264
1269
1270
1272
1273
1274
1277
1282
1292
1305
1308
1313
1319
1320
1322
1324
1325
1326
1327
1332
1333
1336
1341
1351
1354
1356
1359
1364
1365
1366
1367
1368
0
54
55
56
57
58
59
60
61
62
63
64
67
68
71
74
75
76
77
78
79
80
81
84
85
88
91
92
93
94
95
96
97
109
116
125
126
129
130
131
132
133
134
135
172
173
190
193
207
210
211
215
226
227
228
231
244
245
253
264
265
266
269
270
283
284
290
291
302
303
304
305
306
307
308
309
312
313
315
316
319
320
321
322
323
324
325
326
327
328
329
330
333
334
337
340
341
342
343
344
345
346
347
350
351
354
357
358
359
360
361
362
363
364
365
366
367
368
371
372
375
378
379
380
381
382
383
384
385
388
389
392
395
396
397
398
399
400
401
402
403
404
405
406
409
410
412
413
416
417
418
419
420
421
422
423
426
427
430
433
434
435
436
437
438
439
440
442
443
444
447
448
450
451
454
455
456
457
458
459
460
461
464
465
467
468
471
472
473
474
475
484
511
512
526
544
569
582
600
653
671
724
742
813
884
955
1008
1038
1040
1041
1042
1043
1051
1055
1059
1061
1064
1065
1069
1074
1076
1079
1082
1084
1092
1095
1100
1106
1107
1109
1111
1112
1113
1114
1122
1127
1130
1131
1132
1135
1140
1147
1149
1150
1153
1163
1166
1171
1177
1178
1180
1182
1183
1184
1185
1193
1199
1201
1203
1206
1211
1216
1218
1220
1221
1224
1234
1237
1242
1248
1249
1251
1253
1254
1255
1256
1264
1269
1270
1272
1273
1274
1276
1277
1282
1292
1305
1308
1313
1319
1320
1322
1324
1325
1326
1327
1332
1333
1336
1341
1351
1354
1356
1359
1364
1365
1366
1367
1368
