0
1
2
7
10
13
14
15
16
17
18
20
24
25
36
37
38
39
41
42
50
53
54
55
56
62
63
74
75
76
77
79
80
88
91
92
93
94
100
101
112
113
114
115
117
118
129
130
131
132
138
139
150
151
152
153
155
156
167
168
169
170
176
177
188
189
190
191
192
193
194
199
201
202
205
206
207
208
209
210
211
212
213
214
215
216
219
220
223
226
227
228
229
230
231
232
233
236
237
240
243
244
245
246
247
248
249
250
251
252
253
254
257
258
261
264
265
266
267
268
269
270
271
274
275
278
281
282
283
284
285
286
287
288
289
290
291
292
295
296
299
302
303
304
305
306
307
308
309
312
313
316
319
320
321
322
323
324
325
326
327
328
329
330
333
334
337
340
341
342
343
344
345
346
347
350
351
353
354
357
358
359
360
361
362
363
364
365
366
367
368
371
372
374
375
378
379
380
381
382
383
384
385
388
389
392
395
396
397
398
399
400
401
402
403
404
405
406
409
410
412
413
416
417
418
419
420
421
422
423
426
427
429
430
433
434
435
436
437
438
439
440
442
443
444
447
448
450
451
454
455
456
457
458
459
460
461
464
465
467
468
471
472
473
474
475
484
542
543
545
546
552
612
654
669
684
685
688
720
733
742
746
750
766
825
837
877
937
938
944
967
969
970
971
972
980
985
990
992
993
995
998
1005
1008
1009
1010
1011
1013
1017
1021
1022
1024
1029
1035
1041
1051
1055
1057
1061
1064
1069
1076
1079
1084
1086
1088
1092
1095
1100
1106
1112
1121
1122
1128
1130
1132
1135
1140
1147
1150
1152
1153
1155
1157
1158
1159
1163
1164
1166
1171
1177
1183
1184
1192
1193
1197
1199
1203
1204
1206
1211
1218
1221
1226
1234
1237
1239
1241
1242
1246
1248
1251
1252
1253
1254
1255
1256
1268
1269
1270
1272
1274
1277
1278
1282
1289
1292
1294
1295
1297
1301
1303
1304
1305
1308
1313
1319
1325
1331
1332
1333
1336
1349
1351
1354
1355
1356
1359
1365
1366
1367
1368
0
39
40
41
42
43
46
47
50
53
54
55
56
57
58
59
60
61
62
63
64
67
68
70
71
74
75
76
77
78
79
80
81
84
85
88
91
92
93
94
95
96
97
98
99
100
101
102
105
106
108
109
112
113
114
115
116
117
118
119
122
123
125
126
129
130
131
132
133
134
135
136
137
138
139
140
143
144
146
147
150
151
152
153
154
155
156
157
160
161
163
164
167
168
169
170
171
172
173
174
175
176
177
178
181
182
185
188
189
190
191
192
193
194
195
198
199
201
202
205
206
207
208
209
210
211
212
213
214
215
216
219
220
223
226
227
228
229
230
231
232
233
236
237
240
243
244
245
246
247
248
249
250
251
252
253
254
257
258
261
264
265
266
267
268
269
270
271
274
275
278
281
282
283
284
285
286
287
288
289
290
291
292
295
296
299
302
303
304
305
306
307
308
309
312
313
316
319
320
321
322
323
324
325
326
327
328
329
330
333
334
337
340
341
342
343
344
345
346
347
350
351
353
354
357
358
359
360
361
362
363
364
365
366
367
368
371
372
374
375
378
379
380
381
382
383
384
385
388
389
392
395
396
397
398
399
400
401
402
403
404
405
406
409
410
412
413
416
417
418
419
420
421
422
423
426
427
429
430
433
434
435
436
437
438
439
440
442
443
444
447
448
450
451
454
455
456
457
458
459
460
461
464
465
467
468
471
472
473
474
475
484
542
543
545
546
552
612
654
669
684
685
688
720
733
742
746
750
766
825
837
877
937
938
944
952
967
969
970
971
972
980
985
990
993
995
998
1005
1008
1009
1010
1011
1013
1017
1021
1022
1024
1029
1035
1041
1051
1055
1057
1061
1064
1069
1076
1079
1084
1086
1088
1092
1095
1100
1106
1112
1121
1122
1128
1130
1132
1135
1140
1147
1150
1152
1153
1155
1157
1158
1159
1163
1164
1166
1171
1177
1183
1184
1192
1193
1197
1199
1203
1204
1206
1211
1218
1221
1226
1234
1237
1239
1241
1242
1246
1248
1251
1252
1253
1254
1255
1256
1268
1269
1270
1272
1274
1277
1278
1282
1289
1292
1294
1295
1297
1301
1303
1304
1305
1308
1313
1319
1325
1331
1332
1333
1336
1349
1351
1354
1355
1356
1359
1365
1366
1367
1368
