0
1
2
7
10
13
14
15
16
17
18
20
24
25
36
37
38
39
41
42
53
54
55
56
58
62
63
74
75
76
77
79
80
81
91
92
93
94
96
100
101
102
112
113
114
115
117
118
119
129
130
131
132
134
138
139
140
150
151
152
153
155
156
157
167
168
169
170
176
177
188
189
190
191
193
194
195
205
206
207
208
214
215
226
227
228
229
231
232
243
244
245
246
252
253
264
265
266
267
269
270
281
282
283
284
290
291
302
303
304
305
307
308
320
321
322
328
329
340
341
342
343
345
346
357
358
359
360
366
367
378
379
380
381
383
384
395
396
397
398
404
405
416
417
418
419
421
422
433
434
435
436
442
443
454
455
456
457
459
460
471
472
473
474
475
511
519
522
526
528
529
550
582
621
653
688
690
692
724
732
735
741
742
759
761
763
795
803
806
812
813
830
832
834
866
875
877
883
884
901
905
937
946
948
954
955
972
976
979
985
986
988
990
993
994
995
998
999
1003
1005
1008
1010
1016
1019
1021
1024
1025
1026
1029
1030
1034
1035
1036
1038
1041
1043
1050
1051
1056
1059
1061
1064
1065
1066
1069
1070
1073
1079
1088
1090
1092
1095
1096
1097
1100
1106
1112
1114
1128
1130
1132
1135
1136
1137
1140
1141
1144
1150
1158
1161
1163
1166
1167
1168
1171
1177
1183
1185
1199
1201
1203
1205
1206
1207
1208
1211
1212
1215
1221
1230
1232
1234
1237
1238
1239
1242
1248
1254
1256
1269
1272
1274
1277
1278
1279
1282
1283
1286
1292
1301
1303
1305
1308
1309
1310
1313
1319
1325
1327
1331
1332
1333
1336
1337
1346
1349
1351
1354
1355
1356
1359
1365
1367
1368
0
43
58
64
81
96
102
119
134
140
157
161
195
205
206
207
214
215
231
232
233
243
244
245
252
253
269
270
281
282
283
290
291
307
308
320
321
328
329
343
345
346
357
358
359
360
366
367
378
379
380
381
383
384
395
396
397
398
404
405
416
417
418
419
421
422
433
434
435
436
442
443
454
455
456
457
459
460
471
472
473
474
475
511
519
522
526
528
529
550
582
621
653
688
690
692
724
732
735
741
742
759
761
763
795
803
806
812
813
830
832
834
866
875
877
883
884
901
905
937
946
948
954
955
972
976
979
985
986
988
990
993
994
995
998
999
1003
1005
1008
1010
1016
1019
1021
1024
1025
1026
1029
1030
1034
1035
1036
1038
1041
1043
1050
1051
1056
1059
1061
1064
1065
1066
1069
1070
1073
1079
1088
1090
1092
1095
1096
1097
1100
1106
1112
1114
1128
1130
1132
1135
1136
1137
1140
1141
1144
1150
1158
1161
1163
1166
1167
1168
1171
1177
1183
1185
1199
1201
1203
1205
1206
1207
1208
1211
1212
1215
1221
1230
1232
1234
1237
1238
1239
1242
1248
1254
1256
1269
1272
1274
1277
1278
1279
1282
1283
1286
1292
1301
1303
1305
1308
1309
1310
1313
1319
1325
1327
1331
1332
1333
1336
1337
1346
1349
1351
1354
1355
1356
1359
1365
1367
1368
