0
1
2
7
10
13
14
15
16
17
18
20
24
25
36
37
38
39
41
42
53
54
55
56
62
63
74
75
76
77
79
80
91
92
93
94
100
101
112
113
114
115
117
118
129
130
131
132
138
139
150
151
152
153
155
156
164
167
168
169
170
176
177
188
189
190
191
192
193
194
195
198
199
201
202
205
206
207
208
209
210
211
212
213
214
215
216
219
220
222
223
226
227
228
229
230
231
232
233
236
237
239
240
243
244
245
246
247
248
249
250
251
252
253
254
257
258
260
261
264
265
266
267
268
269
270
271
274
275
277
278
281
282
283
284
285
286
287
288
289
290
291
292
295
296
299
302
303
304
305
306
307
308
309
312
313
315
316
319
320
321
322
323
324
325
326
327
328
329
330
333
334
337
340
341
342
343
344
345
346
347
350
351
354
357
358
359
360
361
362
363
364
365
366
367
368
371
372
374
375
378
379
380
381
382
383
384
385
388
389
391
392
395
396
397
398
399
400
401
402
403
404
405
406
409
410
412
413
416
417
418
419
420
421
422
423
426
427
429
430
433
434
435
436
437
438
439
440
442
443
444
447
448
451
454
455
456
457
458
459
460
461
464
465
467
468
471
472
473
474
475
484
495
498
511
545
583
613
614
684
723
755
772
791
794
826
827
830
844
846
852
853
856
863
869
873
875
879
882
887
893
909
913
914
919
922
927
934
937
939
940
946
948
950
953
954
955
958
959
963
964
965
967
969
970
971
972
980
984
990
993
998
1005
1008
1011
1015
1016
1017
1019
1021
1022
1024
1025
1026
1029
1030
1033
1034
1035
1036
1038
1039
1040
1041
1042
1043
1051
1055
1056
1061
1064
1069
1076
1079
1082
1086
1092
1095
1100
1106
1112
1122
1126
1127
1128
1130
1131
1132
1135
1140
1147
1150
1153
1157
1159
1163
1165
1166
1168
1171
1177
1183
1184
1193
1197
1198
1199
1203
1206
1211
1218
1221
1224
1228
1229
1230
1232
1234
1237
1238
1242
1247
1248
1251
1252
1253
1254
1255
1256
1264
1268
1269
1274
1277
1279
1282
1283
1287
1289
1292
1295
1299
1301
1305
1306
1308
1313
1319
1325
1331
1332
1333
1336
1341
1345
1351
1354
1359
1365
1367
1368
0
38
39
40
41
42
43
46
47
50
53
54
55
56
57
58
59
60
61
62
63
64
67
68
70
71
74
75
76
77
78
79
80
81
84
85
87
88
91
92
93
94
95
96
97
98
99
100
101
102
105
106
108
109
112
113
114
115
116
117
118
119
122
123
125
126
129
130
131
132
133
134
135
136
137
138
139
140
143
144
146
147
150
151
152
153
154
155
156
157
160
161
163
164
167
168
169
170
171
172
173
174
175
176
177
178
181
182
184
185
188
189
190
191
192
193
194
195
198
199
201
202
205
206
207
208
209
210
211
212
213
214
215
216
219
220
222
223
226
227
228
229
230
231
232
233
236
237
239
240
243
244
245
246
247
248
249
250
251
252
253
254
257
258
260
261
264
265
266
267
268
269
270
271
274
275
277
278
281
282
283
284
285
286
287
288
289
290
291
292
295
296
299
302
303
304
305
306
307
308
309
312
313
315
316
319
320
321
322
323
324
325
326
327
328
329
330
333
334
337
340
341
342
343
344
345
346
347
350
351
354
357
358
359
360
361
362
363
364
365
366
367
368
371
372
374
375
378
379
380
381
382
383
384
385
388
389
391
392
395
396
397
398
399
400
401
402
403
404
405
406
409
410
412
413
416
417
418
419
420
421
422
423
426
427
429
430
433
434
435
436
437
438
439
440
442
443
444
447
448
451
454
455
456
457
458
459
460
461
464
465
467
468
471
472
473
474
475
484
495
498
511
545
583
613
614
684
723
755
772
791
794
826
827
830
844
846
852
853
856
863
869
873
875
879
882
887
893
909
913
914
919
922
927
934
937
939
940
946
948
950
953
954
955
958
959
963
964
965
967
969
970
971
972
980
984
990
993
998
1005
1008
1011
1015
1016
1017
1019
1021
1022
1024
1025
1026
1029
1030
1033
1034
1035
1036
1038
1039
1040
1041
1042
1043
1051
1055
1056
1061
1064
1069
1076
1079
1082
1086
1092
1095
1100
1106
1112
1122
1126
1127
1128
1130
1131
1132
1135
1140
1147
1150
1153
1157
1159
1163
1165
1166
1168
1171
1177
1183
1184
1193
1197
1198
1199
1203
1206
1211
1218
1221
1224
1228
1229
1230
1232
1234
1237
1238
1242
1247
1248
1251
1252
1253
1254
1255
1256
1264
1268
1269
1274
1277
1279
1282
1283
1287
1289
1292
1295
1299
1301
1305
1306
1308
1313
1319
1325
1331
1332
1333
1336
1341
1345
1351
1354
1359
1365
1367
1368
