2197.79
2373.53
2547.95
2746.95
2874.25
3049.32
3175.27
3373.87
3381.35
3387.92
3395.09
3521.73
3647
3822.39
4315.89
4490.65
4659.27
4755.87
4781.13
4952.82
5130.61
5306.4
5481.84
5680.49
5806.37
5981.81
6109.11
6307.4
6314.57
6322.35
6329.13
6453.79
6580.01
6756.09
7398.82
8081.85
8603.78
8975.14
9658.36
10182.3
10702.1
11366.3
11541.7
11717.8
11916.5
12041.8
12216.8
12343.4
12541
12547.8
12554.7
12561.9
12687.9
12813.2
12988.3
13482.1
13656.5
13824.7
13920.6
13945.5
14114.9
14289.2
14465
14640.1
14838.1
14963
15139.4
15266
15464.3
15472.1
15479.3
15485.8
15611.1
15736.3
15912
16564.3
17246.3
17787.9
18162.3
18850.4
19392.4
19934
20585.2
20760.4
20935.5
21113.7
21239.6
21415.3
21540.9
21720.1
21726.9
21733.7
21740.9
21866.9
21992.9
22168.5
22664.3
22838.7
22996
23091.9
23114.4
23275.9
23446.5
23620.9
23796
23975.1
24100
24274.4
24399.3
24577.8
24585
24591.1
24598.3
24722.9
24848.1
25022.8
25672.7
26355
26876
27240.5
27922.4
28440.9
28960.2
29608.1
29783.6
29959.4
30138
30263.6
30438.8
30563.7
30741.9
30749.1
30755.9
30762.7
30887.9
31013.8
31188.5
31687.2
31862.6
32020.3
32116.7
32139.5
32303.3
32473.9
32649.7
32824.8
33004
33129
33304.1
33430
33608.9
33616.1
33623.5
33631
33756.3
33881.9
34057.7
34710
35390.2
35909.8
36280.5
36964.5
37483.3
38002.5
38653.1
38827.8
39002.6
39181.1
39306
39481
39607
39785.5
39792.3
39798.9
39805.7
39930.8
40056.4
40231.1
40728.1
40903.2
41059.2
41155.1
41177.9
41342.4
41514
41689.8
41864.9
42043.5
42168.5
42343.6
42468.9
42647.8
42655
42661.9
42669.1
42794
42918.9
43094
43746.3
44429.2
44948.3
45311.8
45993.8
46512.6
47031.7
47680.3
47855.7
48030.5
48209.6
48334.5
48509.9
48634.5
48814.3
48822.1
48829.2
48836.9
48961.6
49086.2
49261
49761.4
49936.8
50094.5
50190.4
50213.6
50376.4
50547.8
50722.9
50898.3
51078.1
51204.1
51379.8
51506.4
51685.9
51693.1
51700.3
51707.5
51833.8
51960.7
52136.1
52786.6
53468.6
53988.1
54360.8
55042.1
55561.7
56080.8
56735.7
56910.4
57085.5
57265.3
57389.2
57564.3
57690.5
57869.4
57876.6
57883.7
57890.5
58015.4
58140.7
58315.7
58815.7
58991.5
59150.2
59245
59267.8
59429.3
59599.2
59774.6
59949.4
60129.3
60254.6
60429.7
60554.6
60733.8
60740.7
60747.5
60755.7
60880.3
61004.2
61179.3
61832.6
62514.5
63033.4
63399
64081.3
64599.8
65119
65768.9
65944.1
66119.2
66298.3
66422.9
66598.6
66723.5
66902.7
66909.6
66916.8
66923.7
67048
67172.6
67347.7
67847.4
68022.9
68179.2
68274.4
68297.2
68461
68632.3
68807.4
68981.5
69161.1
69285.7
69461.1
69586.7
69765.9
69772.7
69779.9
69787.3
69912.6
70044.1
70218.5
70871.1
71552.3
72074.5
72440.7
73122.6
73642.5
74163.7
74810.8
74986.2
75161.6
75340.8
75465.5
75641.3
75766.2
75945.3
75951.8
75958.9
75965.7
76091.2
76216.5
76391.3
76888.2
77063.6
77220.6
77315.5
77338.7
77502.2
77673.3
77848.6
78024
78203.9
78329.6
78505
78630.6
78810.1
78817.3
78824.8
78831.7
78957
79081.9
79257
79908.9
80590.5
81133.5
81505.2
82195.1
82737.4
83279.4
83932.4
84108.2
84283.6
84463.1
84589
84764.1
84890
85069.2
85076.4
85084.2
85091.7
85217.6
85343.5
85517.9
86017.6
86192.4
86350.4
86446.9
86469.7
86633.5
86805.2
86980.6
87157.1
87337.3
87462.2
87637.9
87763.5
87943
87950.5
87958
87966.2
88091.5
88216.4
88391.2
89044.5
89726.1
90244.6
90608.5
91290.8
91810.2
92330.1
92979
93154.8
93329.6
93509.1
93635.7
93810.6
93936.5
94116.4
94123.6
94131.1
94138.3
94264.9
94390.8
94565.8
95067.6
95243
95400.4
95496.7
95520.3
95684.1
95853.4
96028.9
96204
96383.5
96510.2
96685
96809.9
96989.1
96996.3
97003.8
97010.9
97138.2
97263.1
97439.2
98091.8
98774
99292.8
99663.5
100345
100865
101384
102037
102211
102387
102567
102693
102868
102994
103173
103180
103187
103194
103320
103445
103620
104121
104296
104453
104549
104572
104735
104906
105081
105256
105436
105562
105737
105865
106045
106052
106059
106066
106193
106319
106494
107144
107827
108347
108714
109396
109918
110437
111087
111263
111438
111618
111744
111919
112046
112226
112233
112240
112248
112373
112500
112675
112683
112702
112710
112721
112729
112736
112751
118520
118527
118534
118542
118680
118738
118865
118991
119049
119175
119352
119359
119367
119374
119381
119676
119852
120027
120165
120291
120585
120760
120898
121036
121094
121774
131780
131788
132309
132827
133353
133872
134390
134936
135461
137194
137714
138396
138941
139623
140169
140694
141365
152524
152530
152667
152735
152861
152987
153054
153179
153354
153360
153365
153370
153375
153668
153842
154016
154153
154278
154571
154788
154924
155060
155127
155364
157856
157923
158086
158249
158376
158468
158561
158583
158741
158899
159116
159252
159640
160152
168527
168532
168668
168728
168852
168976
169035
169158
169332
169338
169343
169347
169353
169646
169821
169994
170130
170255
170548
170765
170902
171038
171098
171774
181761
181767
182284
182802
183326
183844
184362
184910
185435
187167
187687
188367
188910
189592
190138
190663
191337
202494
202499
202635
202701
202825
202949
203014
203138
203312
203317
203322
203326
203331
203624
203798
203972
204108
204231
204524
204741
204877
205013
205078
205315
207806
207871
208028
208185
208311
208402
208493
208514
208669
208824
209041
209177
209566
210076
218452
218457
218593
218657
218781
218905
218969
219092
219266
219272
219276
219280
219285
219578
219752
219925
220061
220184
220476
220693
220828
220963
221026
221696
231693
231698
232216
232735
233279
233797
234315
234863
235406
237138
237654
238335
238879
239561
240110
240652
241322
252472
252477
252613
252682
252808
252935
253004
253129
253303
253308
253312
253316
253321
253614
253788
253961
254098
254223
254516
254733
254869
255005
255074
255310
257803
257872
258033
258194
258316
258404
258492
258513
258670
258827
259043
259179
259567
260079
268454
268459
268596
268659
268783
268906
268969
269093
269267
269272
269277
269281
269286
269578
269751
269925
270061
270185
270478
270694
270830
270966
271029
271705
281703
281708
282226
282743
283268
283788
284308
284854
285379
287111
287629
288310
288844
289524
290070
290595
291264
302418
302424
302560
302629
302752
302876
302944
303068
303243
303248
303252
303256
303261
303553
303726
303900
304036
304161
304454
304670
304806
304942
305011
305247
307743
307812
307973
308133
308260
308353
308447
308467
308625
308782
308999
309135
309524
310037
318409
318414
318549
318606
318731
318855
318912
319036
319210
319215
319219
319223
319228
319521
319694
319868
320004
320128
320421
320637
320772
320908
320965
321643
331627
331633
332150
332668
333192
333709
334228
334774
335298
337030
337549
338229
338773
339453
339996
340521
341192
352350
352355
352491
352555
352679
352804
352868
352992
353166
353171
353175
353179
353184
353476
353650
353823
353959
354084
354377
354593
354728
354864
354928
355164
357656
357719
357881
358044
358173
358267
358360
358381
358537
358693
358910
359046
359436
359950
368327
368332
368468
368529
368654
368778
368838
368962
369137
369142
369146
369150
369155
369448
369622
369796
369932
370056
370349
370566
370703
370839
370899
371578
381567
381572
382089
382609
383134
383652
384174
384717
385240
386971
387488
388168
388713
389394
389939
390463
391134
402275
402280
402415
402479
402603
402727
402792
402917
403092
403097
403101
403105
403110
403402
403576
403750
403886
404010
404303
404520
404656
404792
404856
405092
407584
407648
407810
407972
408100
408193
408286
408307
408462
408618
408834
408970
409357
409870
418236
418241
418377
418437
418561
418684
418744
418869
419043
419047
419051
419056
419061
419353
419526
419700
419836
419960
420253
420469
420605
420741
420801
421477
431473
431478
431996
432513
433056
433573
434090
434640
435186
436918
437435
438115
438660
439343
439892
440434
441106
452270
452275
452411
452473
452597
452721
452782
452907
453081
453086
453090
453094
453099
453391
453565
453739
453875
454001
454294
454511
454648
454784
454846
455083
457575
457636
457797
457959
458087
458180
458274
458295
458451
458606
458823
458959
459349
459865
468239
468244
468380
468444
468568
468692
468756
468880
469054
469059
469063
469067
469072
469365
469538
469712
469849
469972
470264
470481
470618
470754
470818
471491
481520
481526
482045
482563
483087
483607
484125
484671
485195
486927
487445
488125
488668
489348
489894
490418
491096
502260
502265
502401
502455
502581
502706
502757
502882
503056
503061
503065
503069
503074
503366
503540
503714
503850
503974
504267
504484
504620
504756
504808
505044
507522
507573
507733
507894
508021
508113
508205
508226
508381
508537
508754
508890
509279
509794
518167
518172
518308
518366
518490
518614
518672
518795
518969
518975
518980
518985
518990
519283
519457
519630
519766
519889
520182
520399
520535
520672
520730
521406
531388
531394
531912
532430
532955
533472
533989
534534
535059
536791
537309
537990
538534
539215
539760
540286
540955
552104
552110
552247
552307
552432
552556
552616
552740
552915
552921
552925
552930
552935
553227
553401
553574
553710
553834
554126
554343
554480
554617
554677
554913
557398
557457
557617
557777
557906
557999
558091
558112
558268
558425
558642
558778
559165
559681
568056
568061
568197
568255
568379
568503
568562
568686
568861
568866
568870
568874
568879
569172
569346
569519
569654
569778
570070
570286
570422
570558
570618
571295
581287
581292
581809
582326
582870
583389
583907
584454
584996
586728
587245
587925
588467
589148
589694
590235
590907
602062
602067
602203
602266
602390
602514
602576
602700
602875
602880
602884
602888
602893
603186
603360
603534
603670
603795
604088
604305
604440
604576
604638
604874
607370
607432
607594
607756
607884
607977
608070
608091
608247
608403
608619
608755
609144
609659
618033
618038
618175
618233
618357
618482
618541
618665
618839
618844
618848
618853
618858
619150
619323
619496
619633
619756
620049
620265
620402
620538
620596
621272
631263
631269
631788
632306
632831
633350
633868
634413
634938
636670
637189
637869
638413
639094
639641
640166
640833
651984
651989
652125
652183
652308
652432
652491
652615
652789
652794
652798
652802
652807
653100
653274
653448
653584
653707
653999
654215
654352
654489
654548
654784
657268
657327
657488
657649
657778
657872
657966
657987
658143
658300
658517
658652
659040
659553
667925
667930
668066
668129
668253
668376
668439
668563
668737
668742
668746
668750
668755
669047
669221
669395
669531
669654
669946
670162
670298
670434
670496
671175
681161
681166
681683
682200
682725
683242
683762
684308
684832
686564
687083
687763
688309
688989
689537
690062
690734
701891
701896
702033
702084
702208
702332
702382
702507
702681
702686
702690
702694
702699
702992
703166
703339
703475
703599
703892
704109
704245
704381
704432
704667
707147
707198
707359
707520
707649
707743
707837
707858
708014
708170
708386
708522
708912
709431
717806
717811
717947
718004
718128
718253
718310
718433
718607
718612
718616
718620
718625
718917
719091
719265
719401
719524
719817
720034
720170
720226
720362
720408
723298
723304
